380  5.605e-006  5.755e-006  6.430e-005
382  4.131e-006  4.241e-006  6.731e-005
384  3.487e-006  4.282e-006  7.066e-005
386  5.349e-006  3.079e-006  7.247e-005
388  4.014e-006  4.579e-006  8.038e-005
390  4.739e-006  4.005e-006  8.872e-005
392  2.187e-006  2.560e-006  9.836e-005
394  3.614e-006  3.563e-006  1.116e-004
396  3.435e-006  3.363e-006  1.237e-004
398  3.010e-006  3.762e-006  1.393e-004
400  5.370e-006  4.334e-006  1.555e-004
402  1.465e-006  4.050e-006  1.759e-004
404  3.534e-006  4.177e-006  1.996e-004
406  2.151e-006  4.238e-006  2.218e-004
408  4.602e-006  3.877e-006  2.554e-004
410  4.942e-006  4.798e-006  2.904e-004
412  3.361e-006  5.375e-006  3.283e-004
414  5.939e-006  5.991e-006  3.759e-004
416  6.807e-006  6.602e-006  4.403e-004
418  6.926e-006  7.391e-006  4.981e-004
420  7.849e-006  8.130e-006  5.615e-004
422  9.453e-006  9.066e-006  6.400e-004
424  8.244e-006  9.836e-006  7.048e-004
426  9.142e-006  1.087e-005  7.648e-004
428  1.170e-005  1.129e-005  8.302e-004
430  1.177e-005  1.253e-005  8.971e-004
432  1.299e-005  1.315e-005  9.480e-004
434  1.299e-005  1.434e-005  1.009e-003
436  1.461e-005  1.556e-005  1.068e-003
438  1.597e-005  1.678e-005  1.117e-003
440  1.678e-005  1.783e-005  1.168e-003
442  1.671e-005  1.957e-005  1.213e-003
444  1.571e-005  2.018e-005  1.241e-003
446  1.633e-005  2.192e-005  1.265e-003
448  1.651e-005  2.350e-005  1.282e-003
450  1.619e-005  2.404e-005  1.278e-003
452  1.427e-005  2.591e-005  1.259e-003
454  1.676e-005  2.840e-005  1.239e-003
456  1.574e-005  3.091e-005  1.211e-003
458  1.596e-005  3.344e-005  1.180e-003
460  1.753e-005  3.772e-005  1.150e-003
462  1.950e-005  4.266e-005  1.106e-003
464  2.410e-005  4.806e-005  1.060e-003
466  2.765e-005  5.507e-005  1.021e-003
468  2.538e-005  6.306e-005  9.764e-004
470  2.015e-005  7.330e-005  9.127e-004
472  1.839e-005  8.441e-005  8.628e-004
474  1.827e-005  9.741e-005  8.157e-004
476  1.718e-005  1.103e-004  7.618e-004
478  1.342e-005  1.269e-004  7.030e-004
480  1.320e-005  1.471e-004  6.530e-004
482  1.376e-005  1.664e-004  6.031e-004
484  1.755e-005  1.879e-004  5.565e-004
486  2.332e-005  2.153e-004  5.180e-004
488  2.376e-005  2.449e-004  4.726e-004
490  2.387e-005  2.720e-004  4.306e-004
492  3.113e-005  3.051e-004  3.984e-004
494  3.671e-005  3.385e-004  3.680e-004
496  3.049e-005  3.694e-004  3.337e-004
498  2.109e-005  4.053e-004  3.015e-004
500  1.683e-005  4.423e-004  2.782e-004
502  1.455e-005  4.733e-004  2.534e-004
504  1.478e-005  5.043e-004  2.307e-004
506  1.906e-005  5.398e-004  2.124e-004
508  3.563e-005  5.727e-004  1.920e-004
510  5.304e-005  5.985e-004  1.754e-004
512  5.375e-005  6.284e-004  1.624e-004
514  3.800e-005  6.563e-004  1.501e-004
516  2.436e-005  6.783e-004  1.356e-004
518  1.842e-005  6.999e-004  1.249e-004
520  1.846e-005  7.199e-004  1.162e-004
522  1.792e-005  7.295e-004  1.069e-004
524  1.926e-005  7.352e-004  9.763e-005
526  2.123e-005  7.454e-004  9.250e-005
528  2.345e-005  7.458e-004  8.388e-005
530  2.446e-005  7.420e-004  7.723e-005
532  3.748e-005  7.400e-004  7.253e-005
534  8.808e-005  7.350e-004  6.850e-005
536  1.437e-004  7.215e-004  6.424e-005
538  1.323e-004  7.090e-004  5.938e-005
540  7.756e-005  6.964e-004  5.505e-005
542  4.910e-005  6.787e-004  5.126e-005
544  3.577e-005  6.597e-004  4.744e-005
546  2.810e-005  6.445e-004  4.431e-005
548  2.460e-005  6.262e-004  4.231e-005
550  3.349e-005  6.005e-004  3.924e-005
552  5.411e-005  5.820e-004  3.759e-005
554  6.045e-005  5.624e-004  3.612e-005
556  4.135e-005  5.372e-004  3.377e-005
558  2.502e-005  5.114e-004  3.131e-005
560  2.414e-005  4.883e-004  2.979e-005
562  2.581e-005  4.604e-004  2.695e-005
564  2.429e-005  4.341e-004  2.581e-005
566  2.273e-005  4.113e-004  2.463e-005
568  2.079e-005  3.887e-004  2.353e-005
570  1.988e-005  3.622e-004  2.143e-005
572  1.747e-005  3.375e-004  2.011e-005
574  2.274e-005  3.168e-004  1.872e-005
576  3.248e-005  2.947e-004  1.728e-005
578  6.942e-005  2.725e-004  1.658e-005
580  1.165e-004  2.550e-004  1.643e-005
582  1.574e-004  2.371e-004  1.661e-005
584  1.998e-004  2.172e-004  1.605e-005
586  1.979e-004  2.013e-004  1.506e-005
588  1.743e-004  1.888e-004  1.398e-005
590  2.732e-004  1.746e-004  1.428e-005
592  4.458e-004  1.622e-004  1.636e-005
594  4.505e-004  1.515e-004  1.632e-005
596  2.573e-004  1.383e-004  1.325e-005
598  1.265e-004  1.247e-004  1.097e-005
600  9.099e-005  1.151e-004  9.992e-006
602  8.063e-005  1.070e-004  1.000e-005
604  8.559e-005  9.785e-005  9.244e-006
606  9.868e-005  9.010e-005  9.535e-006
608  1.270e-004  8.382e-005  8.045e-006
610  3.064e-004  7.749e-005  1.143e-005
612  7.377e-004  7.544e-005  1.656e-005
614  1.045e-003  7.292e-005  1.992e-005
616  9.264e-004  6.764e-005  1.810e-005
618  7.492e-004  6.040e-005  1.562e-005
620  1.307e-003  5.992e-005  2.123e-005
622  2.512e-003  6.706e-005  3.715e-005
624  2.933e-003  6.597e-005  4.221e-005
626  2.139e-003  5.510e-005  3.271e-005
628  1.234e-003  4.365e-005  2.052e-005
630  7.252e-004  3.605e-005  1.364e-005
632  4.543e-004  3.086e-005  9.407e-006
634  2.937e-004  2.737e-005  7.508e-006
636  2.005e-004  2.534e-005  5.818e-006
638  1.326e-004  2.303e-005  5.167e-006
640  8.612e-005  2.063e-005  4.094e-006
642  5.687e-005  1.869e-005  4.089e-006
644  4.305e-005  1.773e-005  4.261e-006
646  3.279e-005  1.688e-005  4.781e-006
648  2.802e-005  1.553e-005  2.862e-006
650  2.719e-005  1.457e-005  3.889e-006
652  2.857e-005  1.347e-005  3.087e-006
654  2.718e-005  1.307e-005  2.986e-006
656  2.381e-005  1.261e-005  2.902e-006
658  2.153e-005  1.159e-005  3.552e-006
660  2.054e-005  1.128e-005  3.487e-006
662  1.944e-005  1.025e-005  4.219e-006
664  2.358e-005  9.650e-006  2.986e-006
666  2.038e-005  9.002e-006  4.225e-006
668  2.730e-005  9.133e-006  2.567e-006
670  2.937e-005  8.350e-006  3.229e-006
672  2.731e-005  8.404e-006  3.478e-006
674  2.063e-005  7.488e-006  2.965e-006
676  2.084e-005  6.671e-006  2.792e-006
678  1.767e-005  6.618e-006  3.422e-006
680  4.384e-005  6.648e-006  2.163e-006
682  7.553e-005  6.311e-006  3.912e-006
684  9.881e-005  6.135e-006  3.599e-006
686  8.622e-005  5.817e-006  3.750e-006
688  5.831e-005  5.841e-006  2.811e-006
690  5.338e-005  5.802e-006  3.176e-006
692  7.467e-005  5.855e-006  4.026e-006
694  9.015e-005  5.963e-006  3.881e-006
696  1.327e-004  6.162e-006  2.792e-006
698  3.317e-004  8.219e-006  5.701e-006
700  7.561e-004  1.159e-005  1.179e-005
702  1.174e-003  1.545e-005  1.703e-005
704  1.246e-003  1.689e-005  1.941e-005
706  9.100e-004  1.336e-005  1.500e-005
708  4.414e-004  8.494e-006  6.931e-006
710  2.512e-004  7.213e-006  5.179e-006
712  1.833e-004  6.917e-006  3.650e-006
714  1.406e-004  5.988e-006  4.755e-006
716  1.116e-004  5.021e-006  3.556e-006
718  8.600e-005  4.150e-006  3.268e-006
720  6.634e-005  5.238e-006  4.852e-006
722  4.208e-005  3.348e-006  4.900e-006
724  3.034e-005  2.647e-006  2.160e-006
726  2.287e-005  4.368e-006  1.813e-006
728  2.063e-005  4.106e-006  2.186e-006
730  1.542e-005  3.352e-006  2.095e-006
732  1.444e-005  3.107e-006  2.836e-006
734  1.545e-005  3.812e-006  2.606e-006
736  2.036e-005  3.331e-006  3.672e-006
738  1.608e-005  3.666e-006  4.756e-006
740  1.639e-005  2.175e-006  3.433e-006
742  1.786e-005  3.773e-006  2.058e-006
744  1.400e-005  3.465e-006  2.022e-006
746  1.440e-005  3.848e-006  2.726e-006
748  1.354e-005  4.618e-006  3.844e-006
750  4.385e-006  3.938e-006  1.839e-006
752  9.125e-006  3.070e-006  1.488e-006
754  9.392e-006  4.066e-006  1.538e-006
756  1.505e-005  3.529e-006  2.605e-006
758  8.115e-006  3.581e-006  4.236e-006
760  8.789e-006  4.441e-006  4.351e-006
762  8.781e-006  2.762e-006  3.029e-006
764  8.929e-006  2.444e-006  4.648e-006
766  4.722e-006  3.658e-006  4.127e-006
768  4.749e-006  5.179e-006  2.449e-006
770  9.000e-006  4.145e-006  5.854e-006
772  7.855e-006  3.399e-006  3.650e-006
774  4.735e-006  2.054e-006  2.201e-006
776  4.803e-006  3.714e-006  4.546e-006
778  4.882e-006  4.496e-006  3.977e-006
780  5.008e-006  2.374e-006  2.327e-006
